11.8917099611365
12.0532770138781
12.0736643008040
12.5816899478413
12.2589552089011
12.1907346766356
14.2332702453669
15.4302838122278
12.8801020581126
11.9577006855203
12.0900073544557
12.2209459006899
11.9263067653674
12.1389983406218
12.2005931409983
11.8934756169363
11.9592076740237
11.8645930213971
12.4121067299549
11.9875018031109
12.2377121116363
12.0797952254252
12.6778046140271
12.6256747684673
12.1536635188406
11.7016653240861
12.3501507239484
12.2141637516627
12.0242302870910
11.9324889657479
11.8840267199498
12.1575059449839
12.4009080668137
11.8687974091219
11.7716451198024
11.9766444915607
12.2671802334738
12.1949212531842
12.4708213270852
12.2103617787838
12.0470698185491
11.8091323926150
12.1142262126358
12.6056967527906
12.6308046679154
12.0419320614916
12.1949862712835
12.5783269302619
12.7666538513157
12.2219248601864
12.3397304477592
11.9986570164751
12.3369612264162
12.3215201070188
11.8463802261482
12.2195593904823
12.2791443909947
11.9880134111349
12.0353055908910
12.2315475662632
12.5680531172251
12.3141901823250
11.5568164858919
11.8326703562474
12.0309160173491
12.0578109230167
12.5797812158430
12.6646546993841
12.3633673247421
12.1800252485644
11.8515277339786
11.9823023266451
12.0251985849805
12.3099841920760
12.6467423683378
12.2401453301707
11.9395240889664
11.9362295544414
12.0858065115424
12.5118787173979
12.1239188726327
11.7730599050908
11.7911641800257
12.3840199903006
12.2209507375582
11.8133684186472
11.8493613112376
12.1144929017639
12.6912172155408
12.7654615003819
12.2229799896468
12.3832778571943
12.4400582852619
12.4696894195773
12.5561774532096
12.0953290497405
12.1928210469849
12.7473287334101
12.4502780510032
12.0368047305586
11.8726658478712
12.1816613755298
12.0629006642677
12.2064349633155
12.0533970971286
12.2965890158268
12.4957373153575
12.4138220360596
12.1683248623398
11.9721172536703
12.2377558760183
12.5036300842545
12.1876979377842
12.0572225123967
12.1305576803058
12.3126953529817
12.4465316692471
12.0243941200083
12.4616336882300
12.0243801657792
11.9991437599556
11.6282990186554
11.7674762063884
12.3783607277416
12.3250637091420
12.4793926480392
12.6249277975113
12.0516374065815
11.9677528548054
11.8490252808760
12.0842949285368
11.8393358967832
11.9660100940433
12.5639161904966
12.2976290890018
12.0139811469452
11.5821233664043
12.3479009283518
11.9476785049850
11.9781071989615
12.3392620285997
12.7808184610117
12.2473760279329
12.2191932728980
11.9908665909161
11.8704678598243
12.0808437624712
12.1792594530365
12.5585786599134
12.4077255428218
12.2294678505989
12.2411844604289
11.9990158515048
11.9814745774989
11.7417887326483
12.4449328829367
12.4704754017674
11.9840249219401
12.2187737896940
12.1658489726311
11.9490401277322
12.0299622062419
12.3165516415127
12.1828909818425
12.2957493234992
12.6337837494361
12.5256388799608
12.5507103651190
12.4914351525185
11.8048943400428
11.7927431926682
12.0932116618967
12.3448178954937
12.0546668399015
11.8077760992151
12.0721417771786
12.0232020162140
12.3862169697340
12.0715360549733
12.0859221333636
12.1461610798544
12.0717755162888
11.7636021780786
12.0531549333516
12.1216728040676
12.5103761452284
12.5114556152242
12.5074949829197
12.0820833505143
12.0392672974739
12.3362389759520
12.6967253929203
12.7909599376817
12.1501059471951
12.2017517691234
12.7967908500273
12.5391125459496
12.5044909383928
12.6078023627895
12.1813396863886
12.0692802345521
11.7505624948687
11.7483036422873
11.9197488796134
12.0534172466951
12.2985530721265
12.3380443396066
11.9162939953617
11.8195650341826
12.2908083627648
12.7410665843024
12.4921316435994
12.4880664500007
12.3430230740559
12.8535861367370
12.4610737870790
12.5109179248805
12.3268166221524
11.5747200718229
11.6367204695369
11.9513699898636
11.8046360163414
12.1350536868601
12.3237112114948
12.2858128492273
12.5307533900727
12.0723735901887
12.0786670927508
12.1680234199968
12.4729145319533
12.3783619405194
12.3650502281403
12.2012137794938
12.4717356514653
12.3655426112407
12.3222514774330
11.8192816151081
12.2833475740874
12.4407684115887
11.9422101482066
12.0447332180237
12.2848864772665
12.5802393229131
12.2302858552805
12.0696163153457
12.1512549363703
12.1491010816649
12.6813730918260
12.2220578589803
11.8412954087674
11.9528892148032
12.3991688642903
12.3629973481128
11.8588175863937
11.7584721761884
12.4684376032761
12.4943337910886
12.1137725649372
12.5564208338710
12.3123721041617
12.0897933155294
12.4429482308461
12.4806969885014
12.2027588490906
12.6016795495198
12.9841109692391
12.2460655904668
11.9277542087006
12.2991737040256
12.3834955381304
12.4947589805424
12.4817978699368
12.2845995403218
11.9333182333536
12.1679757979139
12.5516026819286
12.4494549837854
12.2362811052220
11.7226686526365
12.0236541996130
12.3164145176867
12.2356656890694
12.0138166531297
11.8975825261954
12.4632823318197
11.8061445488829
11.8246915307856
12.4200336243897
11.9676899453060
12.0492165716150
12.0056585178049
12.7216107179232
12.4638970712946
12.4312086592054
12.1840739080928
11.8516626081098
12.0430077742145
12.1764311619103
12.0153532980903
12.3192936998175
12.8278572852280
12.6021196266583
12.2289011450713
12.2734855421958
12.2949961970478
11.8762025766333
12.3997781673489
12.5370165794139
12.0556067204169
12.0566879527509
12.0685230846680
11.6610127070421
12.2392893957557
11.9408982140530
11.9030809682729
12.3053669220818
12.1619506691309
11.4920507002833
11.8722000041327
12.0131333744884
11.7820127938176
12.3042510105122
12.1271243372660
11.8671533625473
12.2193059687228
11.9855137755012
12.2923121739894
12.6684878470997
12.3997562073841
12.3875935125201
12.3088718797945
11.9247211182542
12.2118326373601
12.4152563443981
12.2437259442722
12.2225244997018
11.9789552244452
12.4402638111895
11.9979788522521
11.8863511295136
12.2543010979425
12.3416231674112
12.3349828119692
11.5815713345683
11.6655920950725
11.9469612344914
11.8230835428066
12.2925607983818
12.6538218463758
12.0898386923029
12.2690862861768
12.5630602286353
12.4811017903266
12.1235129944909
12.4864227695694
12.1120861892223
12.1684204208744
12.4021229079059
12.2675617326318
12.2841480042898
12.6041201286646
12.8590290166287
12.6091765165774
12.1725861266121
12.2541566420127
12.4494706024919
12.5325901183318
12.1766341249547
11.9063121310473
11.6746008904293
11.9440039312621
12.6462648313799
12.4962818507115
12.4290727548994
12.1232018683816
11.9158312153028
12.1562462501070
12.1415494291864
12.3477707038368
12.2603751078189
12.2782813918835
12.5490700544224
12.0782394829724
12.3499829723965
12.2682406766560
12.0101198814934
11.9821046494823
12.1425925726623
12.9289590335654
12.7426389369652
12.0909052060234
12.5932119925759
11.9376898424196
12.4556149540143
12.8526679735378
12.0676917256084
11.6750049621312
12.1592965511254
12.2863542732651
12.3831734065879
12.8443438014977
12.3353597203154
12.0525250622695
12.1755797191280
12.3284237635345
12.4252152389489
12.5562105820544
12.5210154912511
12.5282966229078
12.1221603950420
12.1006895930819
11.9365823195029
12.1337622212874
12.2631214685292
12.2766702734393
12.4822530550371
12.1892644962860
11.7883583430279
12.5811021743639
12.4341434138830
12.2268549788900
12.1837968541650
12.2217150519531
11.9370748797869
11.7533617152669
12.4962697484766
12.1807316682017
12.0968896978152
12.1821324641233
12.2834484356251
12.4291488551774
12.5370115056336
12.4114369788829
12.2148520631287
11.8725821962848
11.7961251554676
11.7339318634203
12.7132285855328
12.8003101915242
12.6359774681543
12.6108397993383
12.3279700431502
11.5634735509557
11.8889718433066
12.0235931710133
12.3997549849933
12.2653263865145
12.5174959275153
12.3568554714381
11.8084302466036
12.1994618833735
12.4209137809842
12.5466208538372
12.1064807491478
12.1885078045255
12.4788768128935
12.4043679154123
12.6872296579646
12.5905811037954
12.6503613498303
12.1898838038712
12.4559401280179
12.4810745858281
12.0784079758187
12.3037121920104
12.3910197086051
11.8707424410600
12.2134013204539
12.2407329817785
12.4009136447033
12.1271107011563
12.3813354504361
12.4039744023195
12.2142541030743
11.7095585271410
11.8228964378698
12.5758155624027
12.5301573672635
12.3624715159280
12.0927929821686
12.2723632656226
12.2663097945776
12.4878233993992
12.6291203122757
12.0518012224471
11.7502267337846
11.9390306162344
11.8688997863066
11.9821464487204
11.9099651902335
12.4034003568632
12.1083748384434
12.2789153705745
12.2106179049735
12.4472786387631
12.6329322323465
12.2949414978711
12.1356420824533
11.7936736791316
11.8036373297697
12.0232203315244
11.9661833032428
12.3265381488232
12.6288665635040
12.0576829200135
12.3559523097567
12.7367093997236
12.2380620442963
11.8337821174176
11.6090034434975
12.3411412095756
12.2801364317697
12.0685355239116
12.2323325903609
12.3916406195048
12.3517771920367
12.0591474214679
12.2386613865927
12.4470527818517
12.0286214990033
12.3057468300922
12.1092489854282
12.0766837748007
12.4501566570873
12.2008571502310
11.9549821833913
11.7229371268054
11.5666739818541
12.2225359467883
12.7386007833239
12.6797589778628
12.6468776143092
12.5274169896529
12.7123132774943
11.9703972381301
12.2090783734727
11.9194540999189
12.2729028287474
12.3952644869005
12.6861852107521
11.9233682219476
11.7244545589799
12.4015094646506
12.5458147720867
12.4999599759637
12.3878315771196
12.3244256827089
12.4576331171528
12.4420350491879
12.0322404924556
12.2146682414195
12.3079214662486
12.0440351301899
12.0153978190022
12.2428982026139
12.1827546626768
11.7962789774508
12.3933108364622
11.8643618270401
11.7933144820143
12.6261599043477
11.9957227091544
11.7451654777993
12.2204151469990
11.9482043421524
12.3118464469761
12.2264546563371
12.2819088127496
12.1549545923386
12.0695614389007
12.3159258804186
12.2068237329882
12.4969326191650
12.3572482785814
12.4797422335535
12.3739780054235
12.3925422142637
12.5439595245383
12.6096453970277
11.9607539429523
11.8919825122690
12.5038365714499
12.1044340690617
12.0004518928631
12.5692866611715
12.5904704988494
12.2240592737594
12.0771576239935
12.2111895860055
12.2933430008555
12.1985407561699
12.4468982603603
12.5018733793771
12.0802280239936
12.2710745907242
12.0598716954970
12.2766329569292
12.3120801318623
12.3526151625363
12.0699910688234
12.0668199008641
12.1916057011621
12.4645133575790
12.7318657174198
12.4618457357575
12.3693340576038
12.8233181537065
12.2224426700738
11.8216361622935
12.0478656169448
11.9621768393441
11.4434366264479
12.0271447791317
12.0570332015970
12.1724668174460
12.1696189143465
11.8278497066197
11.7668916381474
11.7977472973121
13.1357581862493
13.1607841325415
12.4348692345854
12.1363122731838
12.5215958543597
12.2961664383163
11.8559832185709
11.8800853998263
12.0551925221568
12.4623504513825
12.8990231902596
12.4569416574459
12.6153365701091
12.3507699736970
12.1763581320032
12.4219379961194
12.4206897520179
12.4518327053759
12.3158250585983
12.1270646510448
12.3989274645202
12.4572517852147
11.6736433176555
11.6042738929977
12.0160641718626
12.3256058300959
12.5459491036846
12.2182716875518
11.9676930405453
12.2909991860198
11.9713885336900
12.0780197765883
12.0937344165315
12.1297422401062
12.3376984913018
12.2714293560379
12.2038007552429
12.4698674767899
12.4034628151516
12.5539407277915
12.2167649326338
12.0446576183871
12.0586698890959
11.8271512303630
11.8876451377907
11.7115443392773
12.1800138818213
12.4537470762808
11.8871186383004
12.2291952212934
12.3282595434113
12.3203650794744
12.2834453620488
12.0502790995490
12.3600136745289
12.1744879720878
12.3302048397205
12.3931918037119
11.4703527363408
11.8138683702993
11.6823016423309
12.0591059456110
12.2774108157600
12.3219311793908
11.9800786633181
11.9682803646715
12.0411214547889
11.8205855829375
12.0871545178425
12.4512585987962
12.1579903426027
12.1526778699210
12.4172254503165
11.8220228614202
11.9082900792750
12.1107232626719
12.3989674150982
12.4369739937848
12.0896924116209
11.9674044436169
12.4899770634983
12.2114720096951
11.9953243037650
12.4043401602633
12.2186031305632
12.0733298489416
12.4668917265597
12.1015310440697
12.5115193889427
12.2229674496259
12.6333190398438
12.3765212664533
11.8868376326825
12.1145668912557
11.8498136520215
12.1660058640588
12.1524830933156
12.2528003783700
11.8173890820240
12.0864384637700
12.3143119495182
12.5847378306299
12.5061486805430
12.3463583717084
12.4298831466581
12.2527509735317
12.4891402444044
12.4255851118013
11.9025434409000
11.9444005507735
12.0014980202585
12.1284129978574
12.5101682222503
12.3283404587984
12.4982221594481
11.9450150660037
11.4652374835196
12.3786769040092
12.2919052622300
11.7311390351797
11.2258966001279
11.8683314461207
11.8586644580900
12.2319759119160
12.2090107914257
11.8793114239472
12.4181081186456
12.1942058771363
12.3862090808986
12.3932053422648
12.5591745715095
12.7545528224798
12.2192063689462
12.0635970413282
12.5379381951056
12.5368855447912
12.3932020976646
12.1625211262726
12.6015468568007
12.7413417642764
12.7017745515386
12.0466217569710
11.5945503548168
12.5627675032356
12.6231383550571
12.6945797691791
12.7315453357466
12.4512882445292
12.4219816640427
12.2681066360225
12.0335550436661
12.4618809789166
12.1523165917513
12.0187807529412
12.2804001451970
12.2957366406119
12.1336131450665
12.3437890402542
12.0821428777105
12.0792533601337
12.4636079983352
12.2313979773530
12.3409658429836
11.8180953421900
11.8514731052101
11.7641659973153
12.1780898999291
12.0574752069646
11.9581219135830
12.3692845692687
12.3934399668805
12.5979380128543
12.5025065395549
12.0401838793479
11.7693642740386
12.1577146855973
12.2507416768789
12.2940090564420
12.1652709767307
11.9127768372709
12.3172729318074
12.0861163438018
11.9651895467677
11.6982055874664
12.4854247954745
12.2223969403918
11.9537882426059
11.7543271766363
12.6656391116012
12.4772502684148
12.4186727535227
12.5288677602081
12.7479738041014
12.1806109744429
12.4982772709396
12.1748232836414
11.9915499962335
11.9777288420273
12.4316059716662
12.1756930888004
12.6140564531899
12.6633409561394
12.2263450714413
12.2476370476643
12.3201019634458
12.1441876624831
11.7407527017835
11.9113061611122
12.3047682864645
12.3915028820832
12.1315629502157
12.3061699228352
12.4463349529167
12.7522619145254
12.5985029966154
12.1358128179295
12.0268040375584
11.9857290671176
12.2913678871932
12.1126801027927
12.7966127500758
12.9814350762831
12.6778538913957
12.3231930222957
12.1685095980186
11.9064074278029
12.2437930127828
12.4018096238679
12.2500521540002
12.2127651448436
12.1070672475754
12.1074360638617
12.3221430260345
11.9729739649961
12.0533158628571
12.2664503247181
12.5101543699536
11.9943087402172
12.0246279491614
12.0020718584764
12.5214895769433
12.8522622912731
12.5831150477746
12.6920708617950
12.2254202740095
12.4726545985144
11.8487537658421
12.0872745324893
12.0287771695921
12.0987848538108
11.7694875500746
12.0161625691435
12.1879128025663
12.1718948128009
12.2570281034727
11.9621901182655
12.1504349994810
12.5564416963532
12.7095647360827
12.2830396547638
12.2265923230196
11.7334761553418
12.0707866034996
12.3378706473060
12.1817286963057
12.4514882856886
11.9808192387003
12.0833927591787
12.4899366332622
12.4781907386055
12.0671073704109
12.1597378540392
11.9181466712458
12.3457431553774
12.1730702231842
12.5680533435998
12.2653649791856
11.7478791154818
12.2248162681265
12.3806992357326
11.9250926581987
12.5243773562285
12.3620253994911
11.9262934930912
12.3910717989151
12.4445442248423
11.8466623358348
11.9254822094740
11.9415614752030
11.6206909591341
11.8284322480716
11.9692432393814
11.8229613360700
12.5756935990337
12.4389598828399
12.5112455311573
12.4912106258817
11.8669192163853
12.2255667049307
12.6005173477810
12.4597581679987
12.7388711382090
12.3963303384993
12.3889412555594
12.2408998641579
12.0412824564873
12.0407739134246
12.0029612480248
12.0564712323249
12.3312989361993
12.3302659129175
11.9809653953389
12.2039787530955
12.1116308683498
12.0597124099031
12.7071748271316
12.4584344000276
12.0529202236416
12.0700750768831
12.3753044205407
12.4775611322916
12.4138835705821
12.4688941707848
12.0938700082105
12.2277175863073
12.1700207141597
12.7242733208849
12.2760416588968
11.8876190839196
11.8239447222845
11.6515363664184
11.7336764204196
11.8793280319688
11.7543933491013
11.7152001381066
12.1530819339667
12.2956094834239
12.7846775995275
12.5040212424904
12.0159091686574
12.1976619845616
12.2454281273306
12.3902292939378
11.7607526395676
11.5896406957349
11.7987238530837
11.6003597699183
12.1594575134377
12.2906790507293
12.2966432447658
12.2982622028529
12.4775814021442
12.3566710204866
12.2593891005206
12.4353099956950
12.6577537697563
12.5266374057041
12.3917129075937
11.9923580031076
12.2653480306145
11.8053643628644
12.2509389544236
11.9702488521091
12.8732023310637
12.3691934491786
12.1441672372961
12.3974177817580
12.0708569473203
12.0398855803482
12.5466169074954
12.0456251830681
12.4078911650478
12.2831048747558
11.9023805916471
12.5367012620428
12.1002553886868
12.2229345797923
12.2348999899070
12.0568142604159
12.5469133122685
12.5145558111761
11.9623054206497
12.1503606357946
12.4571996949523
12.4242484222258
12.2987232817031
12.2723795392218
12.6673641619464
12.6923313559277
12.2887192752211
11.7846413050460
12.1496299913868
12.9443188489781
12.5696954003348
12.3563593960720
12.4668120104957
12.4960751759612
12.0110881673478
12.2305591844887
12.4103975135474
12.1660085548592
12.2650720288378
12.1668590292962
12.2619612129062
12.4877194245821
12.7180475546701
12.5178589117104
12.1655123132351
12.1385588973602
12.7376481176895
12.3945310309838
12.1598542864463
12.6797943360054
12.7491009470865
12.2135339199884
12.0068522190285
11.6477485582465
11.7286803745430
11.8958706639977
12.2546735005716
12.5794529632694
12.1555325662759
12.4861324247224
12.7823848672182
11.8110212936439
11.5883228903031
12.0762981436717
12.4968060090164
12.6401817584268
12.2344762939003
12.2324230502970
12.4056748227812
12.5932750457988
12.2822775302699
12.2789558412829
12.0688734948865
12.5180889792790
12.6513835913864
12.3701665217861
12.2858199973558
11.9088067029094
11.8498358105092
12.5299981324982
12.5110140419523
12.4272298621623
12.4098458648552
11.8813736384189
11.8578815141848
12.1135857008939
12.1938953958768
12.4588362426328
12.3154765001403
12.3293429948575
12.6389611994320
12.1950460299252
11.9205871490398
12.0388614439781
11.7423488268209
11.7859342490947
12.3704976028370
12.6437568305396
12.2786935369198
11.4941647564995
12.0406487099736
12.8693329819077
13.0035123116356
12.8388734376574
12.1005016932905
11.9009406701031
12.5708289491676
12.5119615500246
12.0484172238754
12.1581141207384
12.6742447261753
12.2980872960166
11.8423938075831
12.1427701164368
11.7045280167497
12.1382406876215
12.3782956072194
12.1828647890037
12.1255374102502
11.8317073833009
12.4525217249907
12.7176101537699
12.3299829315995
12.1203740871071
12.1902536595145
12.1789906247772
12.3477054352742
12.4017049317722
12.3343822300742
12.5590091075720
12.5274541142244
12.0603129734085
11.9791906264816
12.1738457255770
12.5118481519605
12.1946093674427
12.0015107456968
12.2369794231882
12.6283045962292
12.8401272985726
12.5383161226013
12.8514908090297
12.5593507007821
12.2467907448173
12.5539738226921
12.2855658484574
11.8198062214178
11.9758535003806
12.1505371783079
12.2682013257305
12.4514312575270
12.3737120838277
12.5065059511750
12.5944369476839
12.7885649240883
12.6145519560052
12.5757755685667
12.4449904301219
12.9567476657573
12.8263060489478
12.4742141460021
12.9328514336246
12.4111446330267
11.9378103473777
12.2965371615435
12.4384443754140
12.5627837128580
12.8345106879953
12.5972706594003
12.6756051589686
12.5134641957516
12.2605569008429
12.4790348410778
12.5521947422726
12.3397134975095
12.8924720653352
12.3229603733416
11.8842857303661
12.4447452367951
12.3572503434158
12.1170307260449
12.1700059585926
12.7929775829182
12.6759297632736
11.8763489908635
12.4422598017451
12.0274189139270
11.9317992148541
12.1340480221710
12.0313416032906
11.8457411412015
12.1573688634642
12.2141340395890
12.2231557630354
12.0912595302904
12.4794265399636
12.3114116389037
11.9580627706902
12.1122600606878
11.5172383140096
12.3309795813670
13.0188542815621
12.5945821116950
12.0376173218896
11.9938361121911
12.3480219646275
12.2973651664686
12.1276710807717
12.2974273080216
12.4365035281343
12.2065204736023
12.0129711875265
12.2986745995628
12.5500384479587
12.2306952685570
12.4207335353612
12.2171618097618
12.4551324224655
12.2255582055357
12.2411108730891
12.0555112119396
12.3070430856166
12.5705709916708
12.4546167561020
12.1150410200756
12.2700175060754
12.2716335986573
11.9800130693686
12.3152696415408
12.3338959506563
12.2647776145995
12.1201285416048
12.0096324094595
12.3891083669226
12.5502390707019
12.8411268134206
12.9358112536630
12.9592180612322
12.2826170315092
12.1260954468537
12.1782819214940
11.7027789144958
12.2573323681858
12.5723262627050
12.5971449894061
12.0935970059783
12.2484403705988
12.5505009958013
12.2455964175900
11.9307288719255
11.3270244925480
12.3391891910623
13.0812241935768
12.5902028190498
12.6725774294358
12.0918165535013
11.7555504920897
12.0361596521047
12.4337724737093
12.5988499819215
12.2666364874197
11.8680003448580
12.1020072138149
12.2625200077603
12.3968178288654
12.4220473209013
12.1549251347067
12.2956677243217
12.5068983557878
12.4536491894283
12.5661704398888
12.2872023208413
12.1994506999663
12.2058161147186
12.2455469838650
12.4585628027042
12.3440135235838
12.4592702859676
12.1237581300948
11.8827533971835
11.9582237003775
12.4278180668646
12.4836716772017
12.6241541664499
12.4105930545131
12.2466443249786
12.5423450526239
12.5555069588932
12.0952074997971
12.4626899959691
12.1340606127404
12.2694378289769
12.0717702779856
11.8827808054226
11.8936759315477
12.6272637132194
12.2823907145202
12.3225947435888
12.8577697325722
12.7522311317990
12.3102474982017
12.4454893534456
11.9346349340351
12.0072404639033
12.4272678113335
12.4526959103537
12.3970031306200
12.0416595184354
12.1767219940023
12.0542182941688
12.1707896583824
12.1877936030775
12.6841786897498
12.7666613813188
12.4525501603401
11.8598657508453
11.7333397809422
11.7102534563755
12.2286202313002
12.5854590491459
11.8881042958068
12.1892451509829
12.4724016163902
12.6702833598720
12.3678647287185
12.4522999727300
12.4932073009690
12.7864191768572
12.2719119455592
11.6707989197074
11.9677668815044
12.1332006447934
12.3361090235815
12.3107678180447
12.7816712925031
12.7492462457593
12.1080692274033
11.6464234762223
12.2495306836810
11.6702158212038
11.9930760972923
12.3672458484480
12.4514675127557
12.2408542643631
12.6922753566324
12.6457428696139
12.4861350920091
12.5796225556248
12.7963783975914
12.5202013748350
12.0067689963676
12.0042189488199
12.4652618252128
12.4576527125827
12.1029329854579
12.0888509315930
12.0411247668947
12.3050530618812
12.2754848676595
11.9321873227277
12.1953212583849
12.6111070305251
12.6022139469581
12.4905246719301
12.6810815685571
12.4578409785457
12.3849905670987
12.6653496622984
12.3258472440139
11.9639673081437
11.8665500056779
11.8882308887274
12.5669811808983
12.4934947306190
11.8976443315868
12.0456164251313
12.5016239277054
12.7354461506132
12.5022030858219
12.4506453232295
12.5486844315788
12.5877548933351
12.2136445711123
12.3887227652142
12.2321054662197
12.2328095472547
12.8331251941928
13.0721159597623
12.3363824048245
12.1645372790901
12.3925711346371
12.4023326490730
11.9275471518330
12.0829218927666
12.5040741223257
12.6824795341205
12.5649172245400
12.7505743152580
12.6297143677627
12.3208042613941
11.7543783467260
12.0882085195844
11.9088662430788
12.2090508459175
12.4729190377542
12.2148414949843
12.1398268742838
12.3087286409344
12.6020720509872
12.4312954862084
12.3336426302366
12.3413346092100
11.9331707795555
12.3987876937665
12.7170508156044
12.4900661649078
12.1621184342849
12.3185895230935
12.4256204344365
12.6020210230417
12.4718788309360
11.4107735554439
12.5829814327250
12.5168327908093
12.4554940926006
12.1884660071478
12.9210960925821
13.0875744044854
12.4491326029640
12.3673519332012
12.7381810341772
12.6252529074959
12.4095408690946
12.2633182555800
12.1634233079465
12.3639859572873
12.2653738984866
12.4547744730154
12.5099765855210
12.5072320837354
12.6850007897181
12.9006003697145
12.8019822804037
12.5828076046466
12.2774589695264
12.5715127775192
12.7992026045197
12.7088448684242
12.6838287849787
12.3726823010242
12.3704629464902
12.4430461832556
12.6870366074770
12.3150927101462
12.2419055312809
11.9633764037578
12.3765753398196
12.0481618902710
12.3430409519051
12.3009160089889
12.1836338808521
12.7960958416925
12.7859611275791
12.4113491328068
12.4639586317895
12.6488591267347
12.9030668897088
12.4825440089486
12.3920715437858
12.4805888993095
12.5712873846458
12.2236966921031
12.5623321117747
12.4378805784217
12.3386321812492
11.8660138768901
12.4290174744407
12.4229399306568
12.4354654241849
12.3577706459073
12.1523166843367
12.4629664056019
12.4353932441693
12.3526848767620
12.4200725870121
12.3207072031739
12.5394209884239
12.5677261287786
12.6354520675616
12.8325526682750
12.3126310838305
11.6962197966065
12.3203550329964
12.3348218908486
12.0531013536161
12.3393306360073
12.6244733603419
12.7884710131451
12.6097953502443
12.2006696106141
12.2597781841251
12.5250703896419
12.5040906065920
12.4949186250849
12.6522322761948
12.7203789587703
12.5311809173012
12.4150653388928
12.4456675531415
12.4437142845420
12.5834390041011
12.4467915908215
12.8409102423324
12.8389171310179
12.6890888315362
12.5982049914153
12.4936262676207
11.9549306268333
12.4065982372528
12.4960424876934
12.4560887989956
12.7175086300291
12.8158847419399
12.5701770738768
12.4402798492209
12.5985376694072
12.3576162512959
12.2899079937928
12.4722160895145
12.7732626175233
12.5037832386895
12.4134546872880
12.9617287030927
12.6518876476130
12.5278953508605
12.5515216112674
12.5866598684850
12.5784975708942
12.7592915644588
12.3834462103621
12.3338855556372
12.1250901857012
12.7687726256264
12.6245265495189
12.7332262001748
12.5709794790610
12.3711403862048
12.7776882038626
12.5818410628409
12.3541889736480
12.3335361443154
12.4710869965314
12.8287122423257
12.8426876126327
12.6350054184026
12.4189929291885
12.3132618537455
12.4659699805551
12.7498179011022
12.5770899295891
12.3522929134988
12.3018273255180
12.0917471315138
12.4655731552417
12.4052619906351
12.5440449562700
12.6338368396831
12.8237472195927
12.5238607208952
12.5701208642596
13.0324046034491
12.6841753456346
12.8222402719868
12.8858263389158
12.5909255076477
12.6816141400556
12.3661322107736
12.1091196241616
12.2433142531896
12.3824134098874
12.2405080609400
12.7668102633482
12.7724370881519
12.2864972622583
12.3933522819705
12.5540157280448
12.8362426389746
12.6963014130699
12.7356405916736
12.9059564300368
12.8167960267190
12.8427299555221
12.9926125914539
12.5357537527268
12.4836218561402
12.1510452602904
12.7130836538033
12.6189213415853
12.0376474371492
11.9865213204170
12.2447137423322
12.6011672090048
12.6963603335347
12.9095914461391
12.4333946883706
12.3971053358915
12.7047952892557
12.7742487979511
12.4415787130897
12.6103702128101
13.0835347976123
12.5209624003147
12.2033021135190
12.3267345413185
12.5314112933522
12.3524598220969
12.1417004464049
12.4672504362796
12.6415799547975
12.8052386595382
12.6699247253198
12.1580137633872
11.9730247645456
12.7042237600762
12.6469188117469
12.6690585613127
12.9373693482686
12.6660078401299
12.5321024697780
12.4570617830974
12.8070553842478
12.7729692739546
12.5158102694024
12.0910615757410
12.3953105950921
12.4905926179461
12.0948087597851
12.1908777817617
12.8043817240437
12.6423645247233
12.9358820307058
12.8494430607107
12.4499858864280
12.8949725517277
12.7968213867030
12.4021627690415
11.8415043056045
12.6749814588121
12.9341857164134
12.9021057636419
12.5850468913081
12.4244109614278
12.7956249201173
12.6909106672612
13.0266982944191
13.2536853769424
12.8415173798287
12.3959412453438
12.3054108397248
12.7044456123907
12.5920159436801
12.6640926141991
12.5658668724734
12.6605070393800
12.7489723901007
12.2892128758389
12.9065901443310
12.9356884583720
12.8798094112278
12.4846443081145
12.6769606093066
12.8992396062533
12.5501934749406
12.1075597422548
12.1602079229703
12.6236975456250
12.4064860625999
12.5044540608278
12.8574089717858
12.7166123396761
12.6550817090786
12.4569721530738
12.7806105089825
12.7044251930219
12.4390261751574
12.3792896773989
12.6408147148517
12.4594954576640
12.8782636421738
12.7982107162315
12.6697174630108
12.7326876080453
12.5721826690755
12.7434194899082
12.7712245654321
12.5273723401997
12.4803371750397
12.2903420694154
12.6213376122562
12.8370742901658
12.4496677111324
12.3174420795519
12.9451824860740
12.6852989401251
12.4366001391905
12.6651697547264
12.5238054949664
12.3519497229523
11.8912619081095
12.5542895937506
12.7784940439557
12.8228071530069
12.5897751111621
12.3652877872601
12.7476727224246
12.6058813613130
12.3396813249303
13.2211686505825
12.7061764030076
12.1319996709963
12.2031818570052
12.7593533460215
11.9302388435328
12.1422751629435
12.5318383369778
12.4899123906309
12.4095428464752
12.6517293291353
12.7008214217697
12.6090056552312
12.6499009333206
12.2860381243263
12.4751526405474
12.9897440907160
12.3269212775214
12.2192077603770
12.2378095689875
12.1934471015893
12.2507264982876
12.7005646297705
12.9791634592951
12.4757013614502
12.2733887467180
12.3945983822980
12.4445949953933
12.1024988955573
12.7158267054322
12.9969906457265
12.6513112129932
12.7076628183682
13.1556131191213
12.9816484999206
12.5434266309298
12.9561001645419
12.8028546093625
12.5585538188676
12.7387481737170
12.6038549793158
12.6236849640405
12.7766599669064
12.6411612629207
12.2432784287488
12.2669360354651
12.5214611375665
12.9228452435173
12.8030637680659
12.5610858117262
12.7995317584141
13.0149320180543
12.5667162208292
12.4111255602325
12.8167875305281
12.6604117217711
12.2131241590055
12.3465815315066
12.5566672927242
13.0942026896833
12.8626391229792
12.7314066857217
12.4794738156485
12.4821622725243
12.7023026634338
12.6698562811956
12.7164280356203
12.0521310465260
12.2615502832000
12.7121005194333
12.6513782689344
12.4174919560888
12.8910091336615
12.7374582778248
12.6352447626048
12.8924523109315
13.0605047849079
12.3575285191143
12.6955347331933
12.5419776186573
12.2737744408820
12.1525971037155
12.8598374109907
12.5854301480701
12.4343944241158
13.1892790216523
13.0861202683316
12.8869875658265
12.8132548175892
12.7311626769916
12.5240460572794
12.1735762331789
12.5156156208830
12.2561774153258
11.7819203001155
12.4251091737339
13.0038427958399
12.5277550010325
12.4294146887791
13.1945376233267
12.7614833068864
12.5540971166145
12.7288063488699
12.4021865327456
12.6036124792116
12.6711790962994
12.5448920506062
12.3750127421787
12.2245686874307
12.4643642564861
12.5446284388159
12.7716177531081
12.7455193052823
12.7352788046884
12.6281151472094
12.5676138866613
12.7446254802371
12.7227621771712
12.8701956549937
12.7974022848033
12.6107641821510
12.3140309852766
12.4080921490687
12.6795703995345
12.4236779920144
12.3992250003543
12.7611835131748
11.9190888267238
12.3803352385950
12.3832674468209
12.3563522750055
12.9703560640501
13.0901935570597
12.4717450855206
12.0617156343798
13.1347576471077
12.8193590793508
12.6594765613189
13.2195700400166
12.8429697257487
12.4418518800302
12.5684265061193
12.2576666862456
12.9268064117884
12.9599560258588
12.8248308434436
12.4212926067184
12.5434642407646
12.5388959426493
12.2802231761799
12.1926368386661
12.5660939377726
13.2551055093283
12.5787796220217
12.4916304735608
12.2929690316914
12.5856469917276
12.9675912559077
12.6326311017616
12.2312580554291
12.4861728344087
12.8273271133951
12.9313602431038
12.7448371732751
12.3082621634286
12.1848810619168
12.2425604288192
12.8780733318243
12.7464442763682
12.3985495859684
12.7444922184455
12.7007373439097
12.6001089609586
12.8893006260731
13.1344540075840
12.6742838896502
12.8767280759476
13.2628286913452
12.2938745588348
12.2631934104872
12.3437361756632
12.4696989600586
12.9861348463096
12.5696634902032
12.1437356476116
12.6290321934196
13.0578416943094
12.6133187188515
12.6677626744949
12.6452855930818
12.4463053889714
12.4875499936645
13.0213124310246
12.9415346205667
12.5241339970373
12.8565127990538
12.3945247503570
12.5311887983143
13.0542498481493
12.7143330299039
12.4381612351875
12.7678604739615
12.4619823735599
12.2836280952490
12.8510390958413
12.7955089495651
12.3477324064276
12.3694704570915
12.8469949431666
12.7171267230804
12.9591718576907
12.7729410590083
12.5836289206278
13.0980601100210
12.6501238782080
12.7350424339247
13.2140966832831
13.1544288495370
13.1497321698246
13.1674612991257
12.5079589300874
12.2819877101745
13.4196299963725
12.8327467450565
12.3235969978829
12.9963557184145
13.1224971553158
12.6742192191077
12.6906295826391
12.3763414483607
12.9087401911682
13.2374251586753
12.8134999808635
12.6552288675106
12.8378246543260
12.4652449955643
12.6382287639508
13.0790048292406
12.9663539189147
12.8268877931527
12.9834736775311
12.4730288179618
12.5542463905827
12.6267370304661
12.4891370398356
12.4295251055272
12.6928877373835
12.2230818571983
12.8359636251662
13.2564398437140
12.4428206789516
12.9989547042373
13.2403818514754
12.4774777533543
12.9832979326400
12.6440075833640
12.4780649155774
12.9166520597855
12.9583669803608
12.7809404668589
13.0322212447015
12.8265356249949
12.8435742844315
13.2389654894511
13.1088402311393
12.9984916897302
13.2071665355851
12.7802574394589
12.8728139222342
13.3588659852194
12.7513516964946
13.0590761963889
13.2371795977615
12.6412989917126
13.1145028400356
13.0309228708278
12.8436343527318
12.9661949197641
13.0841291561337
13.0580322229460
13.1778023940863
12.5964443674770
12.8810835827150
13.0804968956796
12.8428357352504
13.2712920398824
13.4636955220496
12.4078049259212
12.7757815018226
12.9212337417397
12.8493792697372
13.5628259481095
12.5962266633991
12.4431228901358
12.8920607634448
12.6329135951409
13.0663581996338
13.3518009416130
13.0084613073131
13.2473874004662
12.4552848054113
12.4377415719603
12.7677923877532
12.9058799245405
12.5742014827042
13.1412142387750
12.7910727251255
12.9684294371895
13.7068873570408
13.2098785104044
13.3411552699161
13.4080473277066
12.7243609129696
13.4628361395669
13.2640128119387
12.7426653499393
13.4543882286948
13.2684170339080
13.3567327162274
13.6891341646607
12.9711710228625
13.2419839738767
13.4759731211931
13.0045755691811
13.2993466942263
13.1539831553041
12.9046243932710
13.2907874269233
12.7321518614089
12.9315428132281
13.6027762575345
13.1414476130826
13.1774800286925
13.1870427452786
12.8088721601228
13.5888256486449
12.8786031613686
13.2167794272398
13.5755928899059
12.7293888808470
13.0521256109754
13.1237023439729
12.5170002900220
13.4857272826705
12.9426023645435
13.1731483678773
13.1593174500733
12.6993810666159
13.1614786291947