14.7879101618133
14.9011095024776
14.8214479078399
14.8857788821513
15.2739841145684
15.2954268278730
15.9792310124038
15.3766729794320
14.9900899879220
15.1294599100901
14.6112128523828
14.9936573486417
15.2031901590099
14.7708368242821
14.6628770668654
14.5047716014930
14.9437640860971
14.9071728661868
14.9905137927192
14.7756946545239
14.5371297692027
15.0152288278784
14.5359641589211
14.6881415634364
14.1694981739704
14.7973494367727
15.0113997160845
14.7256557708572
14.3197521398410
14.6441249724368
14.6230160911735
14.2881175285541
14.9325903629236
14.8026549763292
14.8460589538891
14.5751452725385
14.3601709978699
14.4341560307506
14.0236000351102
14.4765972015459
14.8484444752743
14.4060854281514
14.5379153415216
14.8832686329559
14.4297459175616
14.5425934446581
14.9956838678676
15.0716165178217
14.9777044798744
14.9031912046275
14.6516692519883
15.0839038189637
14.7387190386354
14.7384839790971
14.1271105566818
14.6830194595155
14.6274777889089
15.1808314702011
15.0374494912403
15.3062611402434
14.8804828708496
14.8831364562251
14.9798111884339
14.6388278066205
14.7554235655729
14.7001301633665
14.7551375499288
14.5630509084122
14.8378819083522
14.6840314616782
14.6768597977122
14.8823408773253
14.6108995004759
15.2503302149125
14.6847186237242
14.6751405179914
14.9973459740380
14.8657857525823
14.8456031836073
15.0204370065760
15.1274769336423
15.0303390516140
15.1572910580958
15.4481551693468
15.1587835589890
15.0581752162795
14.7938789960693
14.8787940513564
14.3728378417730
14.9696391478542
14.7056299010647
14.7371502728609
14.8771830690522
14.8992488143783
14.4055697038626
14.7162553470959
15.0748818374223
14.9270146933090
14.6517923936079
14.7684076626296
14.7053386086199
14.9849986231356
14.7062218965477
14.8169303797903
14.4228480343477
14.8934653259525
14.7958446468183
14.4565376530466
14.9186147525037
14.9115663421443
14.8661878491799
14.5611372242265
14.1503082117789
14.7298253678100
14.9052014967482
15.0837508136189
14.5494518385866
15.0238613638944
14.5073545350471
14.8493293323768
14.5356273463968
14.4863488845503
14.7452710594594
14.9440421817342
14.8587518305685
14.4534830748020
14.3845382131864
14.8564545194146
14.9795252542806
14.7041396886931
14.5689520188625
14.6587070226235
14.8439868687102
14.4584239083335
14.5475861813726
14.9014295920737
15.1426313949633
14.8727889961196
14.6208748787446
14.8885703604321
14.7351321470509
14.3680381548747
14.5265115949273
14.9921264121544
15.5171883010965
14.9744294111777
14.4612836881103
15.2835788972076
14.6334200739463
15.3394346041205
14.7680961669773
14.2872318494154
14.7113995787903
14.8370031786643
14.8568057459475
15.2563602523177
14.4033592092693
14.1712688683472
15.1787766486790
14.7864432673797
15.0386747182478
15.0957525573197
14.9000838886968
14.6044348635417
14.8398233179448
14.4208708068797
14.6742208370771
15.1872999659585
14.6767168547557
14.6881257687421
14.9591871770244
14.5044401654016
14.8549510437873
14.7382779753025
15.1067888531874
14.7226765126983
14.6572387810197
14.6175122981565
14.8212242426398
14.9806704657963
14.5759156332939
14.6864814591811
14.4633011233407
14.5994193898626
15.0431552185616
14.7516418036792
15.0007543213246
14.9772901002868
15.2519995340346
14.6421941648551
14.1197608618118
14.7354282236246
15.0623025074145
14.7348576215537
14.4280974820351
14.9398905699923
14.9630016700982
14.8133276850377
14.7944759116813
15.5425974250458
14.8891167560619
14.4105797112906
14.8340248483813
14.8075907631338
14.8235158507443
14.9328608840535
14.3045142687762
14.7510684762917
14.7852450441111
14.6522811283715
14.5218756422006
14.9423309432111
14.6540635741305
14.6457288742448
14.3397635894628
14.4846518921715
14.5807953788016
14.6708407025484
14.3466984609315
14.4970221399003
14.4394223788006
14.4437174195455
14.8492072136176
14.9785967104715
14.6305324041197
14.9905958841956
14.7863287482471
14.6263424196118
14.9844165976607
14.4367049062950
14.5428223220815
14.7587728763039
14.2814443159780
14.7334777796082
14.7466072513424
14.2451972476853
14.6703748921197
14.8812279792556
14.7991778928579
15.0709222938036
14.8377876124828
14.6032361215966
14.4054527232705
14.8631520984098
14.9974303257806
14.4538670291905
15.0948403896155
14.3462813492034
14.6550258292183
14.4326403766775
14.5290978577363
14.8088000589358
14.2957710577741
14.7010629691108
14.4172749767472
14.9661224219690
14.5633244006497
14.5563006084455
14.4649552402932
14.4640593765438
14.6774052854703
14.6611902499541
14.3038501244474
14.8359479966520
14.5533238342603
14.5824052046750
14.8014734863679
14.8234251100294
14.5684113372809
14.6240135443838
14.8509219985151
14.7130786600884
14.1982842884580
14.7167741008899
14.7063566361676
14.5983271674597
14.7554739043895
15.1828749262282
14.6036054878974
15.1027750646619
14.7437276548448
14.1186480987341
14.1051720704921
14.2772427685835
14.6041979648776
14.7663697485388
14.7763453694443
14.9015285808462
14.4112841203613
14.7938528697929
14.8880582642851
14.4356560854455
14.5181600706124
14.7488934047871
15.0244241347735
14.9460344251435
14.6859084395635
14.7854350063624
15.1322956711892
15.2133524359230
14.7028549480219
14.4009619920740
14.4059109315762
14.2923492485401
14.4501610677008
14.5270832147896
14.4176787756385
14.6349187439030
14.6415459547467
14.7269583184279
14.8567690545335
14.7086770884969
14.8790023999674
14.7051424508484
14.6425162456135
14.7111185636480
14.5785734368114
14.8838563192684
14.6087033562342
14.8221186591636
14.6265930873611
14.9703424371527
14.9518682076192
15.0164344062301
14.8687594552480
14.6715662477276
14.6214015729525
14.5017028315147
14.5582446588799
14.5961331904091
14.8397930694196
15.0666441088031
15.2496457918259
14.8103272098374
14.6685809148206
14.2727319549207
14.3559471983240
14.1769255665038
14.6817002627437
14.3093058686121
14.7604086575990
14.6820132344684
14.0479035763021
14.5422123179826
14.4269781725752
14.1774619674561
14.1574496527990
14.4009530542186
15.0108987566881
14.7311541572172
14.7209034762267
14.5647818721161
14.8610660259979
14.4561048640752
14.8188956501234
15.0172833271649
15.0826418587897
14.6764523576445
14.5598910869306
14.8628594983705
15.0290149540822
14.8744988765579
14.9944413941750
14.5080053068808
14.6214872624305
14.7816801461647
14.4876131978439
14.8399033761118
14.8229878252286
14.8924785684186
14.6276796723287
14.6738187528073
15.2028264293836
15.0502115968807
15.1283839834473
15.1131285873753
15.3174333240120
14.8680054977745
14.8236323785494
14.3514865934009
14.5203074129771
15.0947233371193
14.9684032303424
14.8849752310806
14.4691855680379
14.6575030863104
14.6042154032003
14.7852298493090
14.4816681141071
14.8744934948836
14.7034853483369
15.0792463287250
14.3913119706164
14.8595872232965
14.4586745290395
14.1189885715268
15.2095889210064
15.0976107443196
14.7824444355785
14.7319814250061
15.0951258250397
14.7144799196665
14.4492772959343
14.7366365634518
14.9908868912514
14.6661480881955
14.7117069230754
15.0861882803311
14.8809257218420
14.8643373330811
14.5303045232555
15.0804461636824
14.4740381591378
14.8818295061779
15.1808138916584
15.0348982759564
14.6051443183419
14.2988752837426
14.8834661632304
15.0011300505713
14.4358808721482
14.5271426668420
15.1841909858240
14.9363713689500
15.1302814534091
14.7004624325719
14.7052140618024
14.5213055828157
14.8187129285575
14.7892987332581
14.7622369431286
14.1734257673583
14.5624573880984
14.9993724850397
14.8993239283183
14.6507940956894
14.6433762485171
14.6516553551636
14.5466123772201
14.6495837497303
14.5018894885388
14.9833548685243
14.5540266152103
14.7858246752317
15.0258224042481
15.4059699032739
15.1227250876893
14.9094387523504
15.2326567663156
14.8787096474210
14.8956596161815
15.0937936327322
15.2346967092519
15.1624636211493
14.5812446179804
14.7237100193355
14.9315301109781
14.5571685619808
15.0272259973112
15.1716907390725
14.8804337389562
14.8105244233109
15.0750582754817
14.5319199149738
14.9820999935327
14.6443476365931
14.6512230698634
14.9465143671727
14.8713024966224
14.6689065343433
14.9272456137459
14.9073193372410
14.9098150372932
14.5562641921946
14.4243957090980
14.5648010893024
14.5785184946450
15.0714501162129
14.7027768263485
14.7050252920755
14.7805620373568
14.4899155329452
14.7387927284476
14.7537556676705
14.9137320321206
14.5808435521498
14.7951474481963
14.5337935275698
14.8386812997122
14.7223607968993
14.8832967686766
14.9970991473510
14.6690011900948
15.0769127259593
14.0168040838666
14.5862034025277
14.5521706281615
14.1293095781811
14.5429859296117
14.6251127766043
14.4768136072422
14.4497443636609
14.6677877528229
14.6707400151068
14.6164837757237
14.3939945440385
14.5041310135688
14.9944234104157
15.2147348294000
15.1192036108356
14.6420672421657
14.7433830138056
14.4648880901863
14.8077726476898
14.6967742796464
14.5416308971927
14.3621792232532
14.8509066791012
15.0239775364607
14.4789138764358
14.9102735672362
14.7600012850464
14.6377560559143
14.7461809411260
14.3673381724637
14.6037154678493
14.7960889848725
14.8814694054369
14.5191435200687
14.5893395994992
14.7002803284957
14.7413582973791
14.7142825867567
14.6886937025927
14.8645755607114
14.3520757728058
14.6999227163077
14.5371842663109
14.8621726058035
14.6843551650648
14.4672811261624
14.6184124018880
15.0652756046553
15.3071693318719
15.1329998047898
14.8248262363256
15.1538552493859
14.3484580952195
14.7113877803839
14.8474790026645
14.3354730080452
14.6506164665282
14.8496083225193
14.7447761412784
14.6296239539414
14.6820036142607
15.0164680814869
14.4696430995170
14.9183514139888
15.0806602531613
14.8654417282932
14.0067687512890
14.6524525831300
14.7028327480833
14.4762365415418
15.0939294217327
15.2582698492884
14.4721410913382
14.4252025859080
14.6672158849336
14.6358372967268
14.4988784694579
15.1416981528346
14.8385354080510
14.3391825324225
14.3522568673009
14.2343033290439
14.7850096212277
14.5249701752538
14.9851079737448
15.2861689387154
15.2816224185905
14.8397594277393
14.7761962978104
14.7260591609097
14.7953089236169
14.5643187385259
14.1427177798298
14.6373836521895
15.3188471043343
15.3892609732414
15.2587787376449
15.2263957016758
15.1072614561642
14.6769013103438
15.1007030863653
14.6653657491954
14.6167189461118
14.8827511109872
14.5929384194324
14.7284775144601
14.6059315868771
14.8455595953048
14.5192730931106
15.3601620327122
15.0548199487157
15.0744218942923
15.0365493166182
14.7603441634888
14.4280579478295
14.7496188363954
15.2311400394082
15.2986075848727
14.9996006070371
14.3417842300804
14.4548321713035
14.8189950732231
14.7194248541440
14.7579481750186
15.0481424488790
14.8932674829682
14.8974225590994
15.1250838790715
15.0889716927961
14.9731219089035
14.9356710145722
14.6797606031384
15.2115388954217
15.1715091173771
14.7433139255321
14.7859604952395
14.5737783165287
14.7728038470364
14.9148173554257
14.7804174685855
15.0273360451324
14.6916591686306
14.6539410747632
14.9263864823991
14.5068065046437
15.2771947299376
14.8030090950098
14.6612098192614
14.8593794851969
14.5558635087742
14.6865122605813
14.7688909407026
14.5861145054246
14.2961733441732
14.2342827954693
14.7288897704109
14.6219127386013
14.6305465259312
14.4182153504980
14.5389777227736
14.1534063742643
14.1241063677232
14.9291542777909
14.5478760258464
14.8981399404462
15.1636682950307
15.0790885410272
15.3120347453194
14.6193322197685
14.6149734147862
14.6404750844326
14.7174211952180
14.6912739149063
15.0882404862327
15.0342847955819
14.8618008361103
14.8003584336127
14.3644692651083
14.4594395641170
14.6096597519845
14.8714926120655
14.9890860489327
14.6114378535573
14.5763245255315
14.7481884210360
14.1218558158160
14.8647399643806
14.8531695702095
15.1582097594843
14.3451393418368
14.7711980886006
14.9381754203730
14.7765392254470
14.4135749359061
14.7062829233021
15.1128787549859
15.3142417168793
15.0035607657502
14.9817555914333
15.0410037368240
14.4965133899503
14.2833862349975
14.4210572398887
14.8037206671594
15.0765746613203
15.2066423745869
14.7972351387724
14.9100139117738
14.9543965837655
14.6756154665206
14.6219256513728
15.4697027464964
14.9473072742081
14.8716319633026
14.4641646385435
14.4057354998964
14.3290021399499
15.0284057578062
15.0201322467643
14.6556575001161
14.9367965433980
15.3198295466190
14.6605795665008
14.5469420351033
14.3408521589576
14.8370172182473
14.7830603674489
14.9721728006006
14.3983120999985
14.7266419163605
14.7515268759586
14.3041256647076
14.3373600193425
14.3275152416908
14.8396357776114
14.7059485401109
14.9591057100444
14.3173493125326
15.1784978410461
14.8835684057545
15.0584311188082
15.0303068654505
14.6495994898564
14.9934076911413
14.5115717692971
14.6005327557113
14.7382257684023
14.8061942195005
14.8348236396575
14.6054188858575
14.9171706367175
15.4415112481344
15.0016990099023
14.9998717532320
14.4454112653416
14.4419567951424
14.5532531568972
14.5458388888614
14.5666313629619
14.9907486131260
14.8591686593934
14.7696651597500
15.3013893883875
14.7585616908439
14.1689781224702
14.8059224528713
14.6794565045430
14.9343215716005
14.8178927757824
15.1384874634929
14.9716949123446
14.4624102768654
14.5368057771535
14.7448552188389
14.7417016310482
15.0481472342384
14.9954697131164
14.4904791950538
14.5842066326703
14.7636323119410
14.4107245530060
15.0314972225487
15.0688603780903
15.1219082802121
14.7059648763412
14.4764559734211
14.5815069120841
14.7199556930559
14.6467124003595
14.7307913777611
14.6874847400064
14.7992043076201
14.8548399050804
14.6337691813298
14.7232503987380
15.0727850201165
14.3913978293079
14.6230838535150
15.2619981282602
15.2502377161780
15.1225748549251
14.2829804475594
14.2032956196335
14.2541889995234
14.3768250193416
14.8999995689436
14.9950372090799
14.8209639410618
15.3227478793977
15.1298277009816
14.9848686560420
14.5779373677202
14.9466271610581
15.4735415038365
15.1397548977592
14.8162092795190
14.4671342831717
14.7329237615141
14.3687311373828
14.9233114584073
14.6417267765576
15.2409564953440
15.4099073096815
15.0621282862355
14.5490281195709
15.0261231093140
14.8580695205495
15.0607224133213
15.4209960124520
14.7825365913584
14.3823899403964
14.9584531021502
14.5953272912805
14.8749636079159
14.9482969821399
14.9203016902317
14.8722496030895
14.9397760482004
15.3465461494819
14.7963208623932
14.8315051560232
14.5758477190856
14.5198836073432
14.5101240168054
14.6638652914786
14.4269763242401
14.7414222993144
14.2603325658583
14.9722717379461
14.7265560138806
14.6786996417594
14.7897069777416
14.5894101120123
14.3617076237551
13.9047733531554
14.7042389312681
14.6728767830947
14.6801422602854
14.9820724717734
15.0319080918384
14.6243035397746
15.0634595700122
14.7584730877832
14.5778043173322
14.7802224818663
14.7042645564603
14.5934371724871
14.5332266470560
14.6457574250219
14.6282822964129
15.0474735005633
14.8272246707220
14.5354438412648
14.6004820309623
14.8628508728829
14.5088009862723
14.7748019894322
14.6868498814144
14.5941537650190
14.2959672418224
14.3021997240486
14.4028017318604
14.3293221077768
14.6405632325578
14.7133917861452
14.6727605507293
14.6824681366353
15.3250167566151
15.0009463156970
14.8301205363983
15.2400044853817
15.1544565835558
14.9769479756131
14.9278433369617
14.2095528288259
14.8204403307964
14.6123259381335
14.9952663923057
14.6298696064158
14.6151068561637
14.7484614098779
14.4175673178887
14.8255771829332
14.7060734097099
15.3669894901289
15.1837689355662
14.9303248047885
14.8107974053739
14.8840568533853
14.7082923610184
14.6218472551879
14.6687907612997
14.5509536751640
14.6854343146410
14.5814755702204
15.0476034569036
15.0687483041924
15.2616982309602
15.0043687901741
14.2220331814253
14.4705964826903
14.7865552424374
14.5205241302190
14.2565137717680
14.4677701388933
14.6317346306073
14.2847897242737
14.2611944548166
14.7189917992303
14.6773385661976
15.2366414021943
14.8670611018258
15.2317457143044
14.5968527482669
14.5188288505619
14.4597486717870
14.6859564408135
14.8089039315214
14.9494960858630
15.0013041634993
14.9306150788575
14.8950907899298
14.5281092454156
14.9149272370598
14.8445941571203
14.5936706406105
14.9679915377103
14.9644768035642
14.6395408312702
14.9771713965809
15.2616965332773
14.8593899898165
14.9296427192978
14.7596852309300
15.1122369951600
15.1962281635153
15.1816168551391
14.8854497613371
14.9328514940393
14.7046139908345
14.6998675644912
14.9283801110617
15.1336682789025
14.8764800783388
15.0344547113880
15.4684793647370
15.0929840436431
14.5980431459480
15.0127538954626
14.5829309882382
14.8295450856377
15.2923180100464
15.0165441542009
14.7412779156250
14.5134872678927
14.6238177913967
14.7741708616461
15.0868456852476
14.7337247201576
15.0968815701684
14.1806213607104
14.9110259980760
14.9953526444095
15.3395671444563
15.0467538596072
14.5283352928388
14.5608338047258
15.2643730358356
14.8902522361924
14.3526442354284
14.5760930610860
15.0355890211191
14.9380147448359
14.3676304993117
14.5754922580577
14.7868215219459
14.2928092180840
15.1165778973059
15.1843275729423
14.7298705228535
14.7992078739950
14.7755329230712
14.6831003214723
14.7513570154472
14.6166346247840
14.4107763864512
14.8068502518878
15.0717097803002
15.3420859980593
14.9403644692546
15.0353908562731
14.5037755481107
14.3331866372607
14.7511243270030
14.7311444584762
14.4882716174980
14.7892413482821
15.1358049224853
14.9468461089165
14.8420193399059
14.9057482970172
14.6609117917111
14.6310718498674
14.7944733272685
15.0266204563966
14.8656019461995
14.9868036807326
14.9116272536796
14.6386521625664
14.3637849976764
14.6203689431166
14.7839548033525
15.3365339547785
14.8309314016321
14.8150721526718
14.6537747081458
14.3963671842674
15.2123932000831
14.9099812213171
14.7096583310576
15.1190274327951
14.9030122992646
15.1551244972213
15.1313111292885
15.0172421241517
14.4439817029175
14.4552702164695
14.4655567408860
14.8407564304127
15.0742772144626
14.9589822379571
14.9112314140526
14.3226262382169
14.4488917510446
14.2603103621122
14.0496915189230
14.9365460171922
15.0785044925620
14.8558087682773
14.9546911840377
14.8678094838519
14.8452393794626
15.0163472725029
14.5444119755877
15.0976653328213
15.0922604954639
14.9922707078649
15.0274773808514
14.5737912407141
14.4996969875773
14.4988810182461
14.5846435648349
14.8663138601424
14.8718130410170
14.7129993391026
14.6992298622434
14.8646090755308
15.0411995460811
14.6974638355130
14.5286441447525
14.5648014735639
14.7871201508608
14.4290122403064
14.6761478076396
14.7569415482357
14.6592918903980
14.3049510287984
14.6415102189946
14.3141790849806
14.5486370690081
14.5401924133787
14.7538032380788
15.1996926786388
15.0753282351947
15.2743475890841
15.1443658663748
14.5947926920856
14.6013428306527
14.6826599738808
15.0302956998980
14.9372644840672
14.7990599953223
14.9123289551272
14.8286242180053
14.8640914558462
14.6650882690781
15.2426669501940
14.4114156127563
14.4295559255982
14.6903908828388
14.5567513187041
14.4487623064939
14.9130602007001
14.9062816319021
14.7325684802941
14.6078823742203
14.5851366316574
14.8480420216573
14.9731737902351
15.0125125546753
14.9126532026654
14.6507128071358
14.6249819827494
14.8353989306725
14.9858476251338
14.7004517375724
14.5851872195314
14.6839737759057
14.6809803486643
15.0290335909389
14.8890818054341
15.1149743735351
14.7399375804379
14.4249997995679
14.4568170486629
14.8868749569235
14.5879444147924
14.4832575516617
14.3911407265541
14.7691829135250
14.5017200493062
14.6139546288933
14.3401514118247
14.7833373010193
15.1098675369073
15.3149449944584
14.6976168965048
14.7239781903909
14.5275047506248
14.4957168441941
14.8835962723291
14.7375574185496
14.7366065273102
14.4178187380720
14.6498502151106
14.8791336616353
14.5710521614722
14.5050898890679
14.1855895542828
14.2331408759227
15.0789433986337
14.6191428091058
14.5215987552949
14.9145331469316
14.5919660483834
14.6754107910393
14.7213426140266
14.2958836012215
14.5688864039123
14.2729347191247
15.1964140238636
15.4415030269562
15.3004177134586
15.3081233185513
14.8877774184666
15.1627641914007
15.1669752143940
14.8002548105882
14.9299452211086
14.7051354427610
14.3902406111751
14.6439445061963
14.5414305057471
14.6113980813402
14.3034637037000
14.5464790603183
14.5453821890953
14.7007267788634
14.4327749241723
14.3787007771603
14.7975094748630
15.0564893656442
14.7357978853781
14.7416808366111
15.3323441835923
14.9926689720152
14.6694853837921
14.6998117161776
14.7702621977788
14.6381176482975
14.8021963036303
15.0582705187854
14.7040087059682
14.5841583590867
14.9733710582574
14.6103250392492
14.8970646836404
15.0729903768777
14.8323043334044
14.4903690613170
14.6256454079175
14.6674272607155
14.9260444979807
14.8758447556490
14.2859962830340
14.7411717567930
15.0648477435743
14.9270341210843
13.7800038648429
14.3844862943454
14.5409720028451
14.6853403021649
15.0099464962115
14.1611794905618
14.4419146067890
14.7953766250799
14.6898598708665
14.9768939803292
14.5411018372784
14.2200818776491
13.8822831414028
14.8788729588649
14.8679706033440
14.6309832867791
14.5537649633824
15.5330683194942
15.2075987630011
14.8257698589437
14.6649482951743
14.6103385293947
14.5370436970043
14.8244874205130
14.7242054592293
15.2310791779310
15.0748008716669
15.0074234519156
14.7260174225371
14.6333684418415
14.9487273628232
14.8911230701416
14.6456055818236
14.7508584518924
14.6302939333183
14.7446919578511
14.2003979268157
14.6979709073505
14.3651532846065
14.7892205485089
14.3031408491708
14.4603634973058
14.7793610818356
14.8878585127676
15.2437969000331
15.1907967206175
14.9724948589763
14.8476314638640
14.7456104654743
14.4551272049729
15.0640521510501
15.0539579765961
14.3253416263988
14.2846663021042
14.5254368347302
14.5651254567299
14.4941079567135
14.8595112990442
14.9591546159579
15.4931385153211
14.8196117871835
14.8658509343431
14.7995375246140
14.7295340849603
14.8364605823333
14.5977202741524
14.7835212379722
14.8264608527862
15.2042827903606
14.9155506591524
14.4657686467865
14.5315288124363
14.4763491169807
14.9585352195170
14.5714430605428
14.8903693941124
15.1236015853779
14.8625073886243
14.6006965015374
14.2058146498798
14.7318583448445
14.8292649205394
14.6210580345185
14.7905633078643
14.6780397096148
14.8649247116679
14.7180417541347
14.7006748283794
15.1465804116559
14.2565584023927
14.6184636753214
15.1536939664378
14.8560286363403
14.5995654999701
15.2184491643903
14.5625195791449
14.3716004932981
14.9901713689676
15.0340263781756
14.5110355398723
14.8079555781352
14.4675471030105
14.7861277459935
14.1241591770260
14.5784501942987
14.6267655987598
14.2584846134225
14.8161456897649
15.0210667870446
14.8301684631096
14.5132226469516
14.5610387618254
14.6399213352780
14.3759162987233
14.1913948826090
14.9270850219953
14.1808009133670
14.2832313749151
14.5098681481385
14.7104290281450
14.7880770996980
15.0713589075717
14.6927852242447
14.9209263262247
15.2347818014875
15.3594037534634
15.0317708314347
14.8979734523733
14.7566566277568
14.5697719526242
14.9631248876233
14.7692270482447
14.3659245612610
15.1697866152021
14.8145662721197
14.7361096921439
14.8012665406672
14.8444596232987
14.7548665114814
14.3981018604818
14.7842451548257
14.7460881019851
14.5925398873038
14.5297003786059
14.7519661338452
14.8218338090502
14.7457877688857
14.8810582699457
14.5237663130252
14.2376853070784
14.3236561754219
14.5142011932956
14.8995344733103
14.9297781274107
14.7578118140506
14.3646688171246
14.9092179699423
14.9417174674411
14.9574555910249
14.8886124625275
14.8821221214449
14.7406923579642
14.4487933006696
14.4424886696465
14.9017348387999
14.6726060452642
14.5259451476516
14.4390365023775
15.0454098556884
14.7697760027596
15.0796244184623
15.3006830373293
15.0142473594719
14.9775703561319
14.8257741214437
14.9157164410652
14.9621708178216
15.1426603173521
15.3597991946855
15.0439893835071
14.9006272296765
14.9610632320449
14.7436908203309
14.9025334366242
14.5724403298417
14.3753603512564
14.6508083323420
15.0816041817763
15.1013052391837
14.7281293403136
14.7628981595281
14.9688848545243
14.8640796824966
15.0539331355770
15.1614723198615
14.7577404399076
14.7772812234427
15.0163533281966
14.6364353272271
14.8022727303948
14.6772789485469
14.6364470852362
14.7397684984296
15.0144349179840
14.9578564717727
14.8026233064012
15.1981674992888
15.0511690847544
15.4004852543204
15.3870525131591
14.8449984247972
14.3130582903967
14.7243051852949
14.6415931119603
14.2178046426745
14.9793342874662
14.6313175972777
14.9077661312744
14.3894188843493
14.8722577432735
14.8265870267914
14.9898118648056
14.7457052576332
14.4318904115144
14.1536960519402
14.9095519164576
14.4553108535805
14.9833425537898
14.7014069368162
14.7722393787120
14.6285629773550
14.2664428960876
15.1116887139530
14.5282476893311
14.5758777812786
14.6038458080951
15.1772923216406
14.5801182908908
14.1850197757135
14.8084637609402
14.3624118226791
14.6885546025625
14.7418678724379
14.8460674631343
14.7023410898281
15.3839552763852
15.1676452314592
14.7631674252965
14.0708368522383
14.6194462033934
14.6669589968197
14.5633629505370
14.7316213913976
14.7579814602831
14.6718870992440
14.9009539954909
14.5754965324399
14.3975017977576
14.6678607500104
14.7701875617467
14.9886882564962
15.2121010867032
14.9739323752205
14.6125853282140
14.4345114450304
14.4209019438270
14.5528078308057
14.6600293500959
15.0674510896005
14.7226496496666
14.2327774299819
14.3131384671066
14.8085595630541
14.8184430411376
14.6446219831222
14.8652397309545
15.0401715229315
15.1475073598963
14.6658348711971
14.8911653494531
15.1838729389536
14.9294184541404
14.9983990637402
15.2552786588325
15.3066768722842
14.7779940883568
15.1205699318618
15.0130300430545
14.9922003485899
14.3656781837835
14.7902964896278
14.8311142485628
15.0100467408837
15.0049791977264
14.4344877467054
15.2669570613746
14.7668516500050
15.2600061596677
14.6870562715301
14.9235770733982
15.1569512172523
14.5312903840352
14.9578371973177
14.4002575585492
14.7768773551652
14.7051881986906
15.1215433966646
14.8773951591637
14.6502996151697
14.7176661518526
15.0503077051371
14.6506373693626
14.9788698346764
15.1910417087472
14.7727876069264
14.7886492572447
15.0837996487768
14.5512439466298
14.7180157594670
14.8464101203627
14.8283474554853
14.7772446220971
14.8299975715547
14.7900243227719
14.9186496906433
15.0256214780770
14.8447359453089
14.8416118313899
14.7136246272757
15.1793957232373
15.0631767818281
14.5335889990510
14.8095773822778
14.6878493421260
14.7138996913668
14.8059451827280
14.6436982618863
14.3669360568106
14.1902955739945
14.1910618679240
14.4736406168219
14.5055896580096
14.7448523520332
14.8067960783252
14.8113151744969
14.3439701012463
14.7644860819793
15.0198731862887
14.5217707512915
14.6786722146448
14.7205769749429
14.7112549956212
14.5471199278276
14.4472176651824
14.9000042538687
14.7904379146051
13.9590090307338
15.0259441728034
15.1626612681372
15.0804169677718
14.5745452033240
14.9842767914181
14.8565321127128
14.9430575973290
14.6663767608116
14.9234064223470
14.8218146826128
15.0329492201740
14.9461974052795
14.8841480129461
14.7449087948014
14.6745736021255
14.7515749863525
14.6309672566335
14.6521863327601
14.5040360874396
14.2853471158138
14.8016799593401
14.7874523517880
14.6622803014346
14.3490920639076
14.9600935779004
14.3376698693014
14.6702574008923
14.3806092684315
14.7444153499489
14.8592278681930
14.8580217964137
14.9510587500228
15.2699385021047
14.9050069819552
15.0026646854766
14.8299085052721
14.7383406032150
15.0353735143236
14.5624542986943
15.0448489142269
15.0465566017685
14.9739151913737
14.9091401914380
14.9032940269506
15.1053563258588
14.5056923447655
14.8698573827159
14.7754994966908
14.8224170436198
14.7952072033068
15.0586404861830
15.3764315452152
14.8664062091522
14.5146418409008
14.6845468482162
14.7748426945005
14.8341441916128
14.7910442755080
14.5810298176619
14.3240613502427
14.4722184887519
14.7976912653169
14.7605953749961
14.3411467546379
14.7495030803918
14.8660633805775
14.7521023843394
14.8940188152155
14.4641832020191
14.8624605641077
14.2686309734748
14.1106981690941
14.9360215474909
14.9179223346020
14.8580426335325
14.4194873403793
14.8063281573981
14.7321117546646
14.7432168210054
15.0484684179517
14.7639663611425
14.4724775575906
14.7032542511593
14.7530050921821
14.5532971991148
14.6710325096091
14.9648898628172
14.9516526289103
14.4724612628400
14.6201280118319
14.6905925416996
14.7076498055877
14.9212651824533
14.8937923404934
14.2880864207073
14.5567536087207
14.7604570448923
14.5677475562468
14.6515898243407
14.6447994412488
14.6912260913936
15.0641161082063
15.0461717313781
14.5960715743450
14.3398723830254
15.1944049988616
15.1331653718841
14.7940426927317
15.0534967093927
14.7616291464870
14.7117499162937
14.8055796046776
14.7282741174143
14.7767206724558
14.7345836909647
15.0615241098020
14.7481051848892
14.9545244823521
14.5393050314317
14.5137312035105
14.5060154572002
14.6004214986502
14.5119791689431
14.4170172240216
14.3948522436619
15.0384075229027
14.3851839581052
14.7128164642534
14.6206954450375
14.9996074252887
14.8372175221674
15.2921770554749
14.9173292619695
15.1743372459654
15.0637778359858
15.2722025286597
14.7290370744710
15.0598944472601
15.0559535045577
15.0557396343178
14.7147527030530
14.4520587481257
14.6541363945519
15.0753256853616
14.3866737107857
14.6821071876545
14.8554223520062
14.8507883999262
14.7203931303656
14.6211149920371
14.4183392267787
14.6834692207655
14.7441676102630
15.0109297876920
14.9356437899735
14.4583169479231
14.6582421041382
14.9443672563989
14.8884312472988
14.8699891664211
14.9040576134009
14.6206824686314
14.2664864598429
14.7199682158627
14.8210365358600
14.5382418963035
14.7244845281393
14.7013186572099
15.0678944820956
14.6787578304484
14.6896711093201
14.1076236483798
14.8853943150931
15.0771903055182
15.1107317651002
14.7495918732849
14.9170811763981
14.8584882032940
14.6598141805857
14.8176910854383
15.1718953497980
15.0466393830533
15.1688485540617
14.2141661122150
14.6102245509849
14.3832445549596
14.7048327021431
15.0209676728764
15.1077222846416
15.0326382196578
14.9735982769065
14.6242582674278
15.1670693699075
14.9788948787525
14.5933990281369
14.9435983537905
14.7981013075772
15.3510834277795
15.2790026854080
15.0233789247019
14.9312240202516
15.1218351005575
14.6094097415491
14.8425507013318
14.5784094294571
15.1846706525492
14.7089356187151
14.2931497173056
14.9026092601516
14.8391969839575
14.7645590016823
14.2378945772074
14.7457449589087
14.4836463941405
14.7867747453645
14.6118721484464
14.6340138260231
14.5657453773943
15.0460572855749
15.1052674606553
14.9602788172367
14.6634492183911
14.6144429450527
14.7533815946061
15.2705331623676
15.2360329272168
14.6835836201689
14.6435578402179
15.1099492891713
15.0234170289769
14.6048232077747
14.8910136186619
14.6975498997996
14.6049324060457
14.6415015222560
14.9293490331601
14.7065518043029
15.0938485222471
15.1957485775814
15.0103899496035
14.9428721749145
14.7244795062664
14.5329333876217
14.6267348005795
14.9659769770298
15.0178627645099
14.9258995248775
14.9373437999954
14.9549054773028
14.5410218948208
14.9952107315705
14.9249935159363
14.6726755672802
14.6949286947026
15.2736465478773
14.9031804761972
14.7421814454849
14.8966702073275
14.9173604162777
15.2240837029865
14.5268725292309
14.8428954253253
15.0421157692346
14.8774538223755
14.9308562605954
14.6695397217446
14.8803220260806
14.9096763464466
15.0757318635899
14.8455382634191
15.2199339409884
15.0418461908070
14.8912700905228
14.9105242323214
14.7193710719761
14.5980637144441
14.9885581890753
14.6204007248621
14.5439996473569
14.8715314499788
15.0038948654132
14.7144396725877
14.0883450503579
14.1800247560222
14.7119179205042
14.9101340552914
15.1380502250765
14.9987913570404
15.2414639999858
14.9938294868592
15.2997750756303
14.9159053649878
15.0047214706519
14.3792024312957
14.4046834674204
14.8769724586157
15.0689678749263
15.4434332606783
14.9527780635485
14.4260318797240
14.9869131733041
14.4321807244417
14.6018512543962
14.5914386863354
15.2049603384629
14.6968998048214
15.0561383177594
15.0833871562426
15.1864715343210
14.7760659182757
14.7529852368778
14.8272022268529
14.3181059449624
14.4955088361183
14.5159025145406
14.7902551802657
15.1744488742331
14.6526067122819
14.8781680406989
14.9189651897171
14.6106917742852
14.8947281166472
14.8521347907068
14.9038437584129
14.6733190313373
14.1581976700080
15.1376590024826
15.3220546013198
14.7403602776293
14.7015245412046
14.5148682719477
14.3565560173917
14.6769201104037
15.1799951921636
14.7064771177736
14.6342554755868
14.8142349680163
15.0821570591035
14.9845347260975
14.9191353635745
14.3640492146492
14.9331881987774
14.9869765358670
15.2443058072113
14.8233559031508
14.5609655364507
14.8271878240687
14.2069531898164
14.4326194237707
14.3671718891954
14.7904509826742
14.3770079969234
15.0503754414114
14.9249388904730
14.5988508808329
14.9864298605016
15.2096809558854
14.8868009562395
15.0511697626755
14.2525614926639
14.4412630310424
14.5380119064066
14.3477385505747
14.9553118172623
14.5563737862100
14.7950202159544
14.9248267882872
15.1404204854113
14.4603106355235
14.6704623136886
14.9683492031876
14.7222995345254
14.1233216477497
14.4428799477764
15.0707949734113
14.6493876606808
14.9434885338541
14.8411327497062
14.9422226368120
14.9898881132753
14.7124049209674
14.9941037069187
15.2200717091097
14.9859815411683
14.8975159463903
15.0150842377782
14.7747023762843
14.6592580932662
14.6379282257276
14.7523742812015
14.8711691528934
15.1709622139212
15.3260816881891
15.2485445059374
14.8249217280971
14.5391041504419
14.3440150047598
14.5110773127407
14.5345553332414
14.9445845747113
14.5372983312919
14.9335248012231
14.9186009445851
14.7401966042542
14.6099005999189
14.5641532065827
14.9876607536896
14.7234077178840
14.8869345023011
14.8469285187850
14.6989488949584
14.8706753754355
14.5829263664442
14.7141898582677
14.3744473548579
14.7839281204811
14.6090903208979
14.7308406629633
15.6224096434246
14.8762777288012
14.4969692406328
14.6890169858156
14.8917831100011
14.8050049498029
14.8166093865559
14.5771874680419
14.8430363620872
14.3867137612085
14.7691301507865
15.1926444625265